generation	Posterior	Prior	logLk	sigmasq	alpha	root
0	13.29206	0	13.29206	0.3896647	0.8864341	2.808225
1000	7.049144	0	7.049144	0.8695844	0.9226726	2.749393
2000	6.471489	0	6.471489	0.8414107	1.005439	2.852066
3000	4.945339	0	4.945339	1.306848	0.790373	3.023457
4000	4.70307	0	4.70307	0.7962019	0.8472599	3.457182
5000	-0.5460706	0	-0.5460706	0.8370101	0.6598997	3.567276
6000	3.907592	0	3.907592	0.8859089	0.3900051	3.368461
7000	2.981032	0	2.981032	0.828997	0.4792725	2.670288
8000	2.290842	0	2.290842	0.9718949	0.38773	2.58928
9000	-0.4198387	0	-0.4198387	0.687629	0.5670434	3.314752
10000	-0.5007652	0	-0.5007652	0.6255749	0.4800828	2.924197
11000	2.76408	0	2.76408	0.8368575	0.3455972	2.752646
12000	5.679304	0	5.679304	0.5965148	0.7320296	2.94687
13000	2.686287	0	2.686287	0.5002843	0.5259637	2.700941
14000	7.322972	0	7.322972	0.7847994	0.4259051	2.743157
15000	4.639138	0	4.639138	0.6213196	0.2560368	3.178721
16000	0.3095138	0	0.3095138	0.7882278	0.3162733	3.570734
17000	6.041895	0	6.041895	0.7623126	0.248317	3.397978
18000	5.016671	0	5.016671	0.6409278	0.4423361	2.829796
19000	6.734979	0	6.734979	0.6477583	1.031952	2.83944
20000	6.346507	0	6.346507	0.5705278	0.7079194	2.955135
21000	10.27461	0	10.27461	0.7016784	2.340565	2.999251
22000	3.030132	0	3.030132	0.558487	1.506635	3.239146
23000	6.447533	0	6.447533	0.4999883	0.8724356	3.085334
24000	5.578207	0	5.578207	0.3809801	0.7904406	2.774448
25000	9.756078	0	9.756078	0.4748532	0.4385603	3.128963
26000	5.793257	0	5.793257	0.6271821	0.5163349	2.628442
27000	3.038183	0	3.038183	0.3884313	0.4793274	2.861384
28000	6.043289	0	6.043289	0.6770361	0.6001338	2.666603
29000	9.189778	0	9.189778	0.4816682	0.8792	2.959179
30000	7.347439	0	7.347439	0.5910444	0.8963165	3.187558
31000	9.260094	0	9.260094	1.04676	2.936642	2.86963
32000	15.56608	0	15.56608	0.5863501	5.649489	2.755341
33000	10.87585	0	10.87585	0.636733	5.801935	2.911024
34000	13.75462	0	13.75462	0.6079399	4.654519	2.675837
35000	14.14128	0	14.14128	0.5424015	6.205076	2.752053
36000	13.61923	0	13.61923	0.6738431	7.183573	2.799506
37000	11.60299	0	11.60299	1.152836	6.822952	2.630315
38000	10.04476	0	10.04476	0.7877767	8.176058	2.752781
39000	5.816239	0	5.816239	0.9520005	9.04236	2.799035
40000	9.865996	0	9.865996	0.7773288	5.973889	2.642917
41000	4.842702	0	4.842702	1.515967	2.679891	3.096285
42000	8.227328	0	8.227328	1.31233	4.389681	2.766431
43000	10.59146	0	10.59146	0.7648659	4.57582	2.63662
44000	8.823169	0	8.823169	0.9299834	4.964476	2.808825
45000	11.38597	0	11.38597	0.8530895	9.808883	2.765824
46000	12.80332	0	12.80332	1.183565	9.361816	2.825334
47000	16.34626	0	16.34626	1.03413	15.1676	2.862752
48000	11.2599	0	11.2599	2.155699	16.15801	2.840668
49000	11.54192	0	11.54192	1.695896	28.50919	2.905026
50000	7.577404	0	7.577404	1.184997	20.72856	2.895756
51000	0.3849683	0	0.3849683	1.543464	9.109194	2.942064
52000	4.741566	0	4.741566	1.593307	23.79702	2.816801
53000	9.466007	0	9.466007	2.272902	16.31504	2.920363
54000	6.478798	0	6.478798	3.299342	15.05493	2.912034
55000	9.334193	0	9.334193	2.676193	29.91953	2.980018
56000	10.20262	0	10.20262	2.287981	18.24342	2.964269
57000	8.56742	0	8.56742	2.947411	16.27421	2.926187
58000	4.968469	0	4.968469	2.43179	13.06587	3.010985
59000	9.856597	0	9.856597	1.051599	5.994284	2.693396
60000	13.49109	0	13.49109	0.9729078	8.997029	2.82625
61000	9.643918	0	9.643918	1.075858	6.694833	2.983821
62000	11.59004	0	11.59004	1.421696	9.87941	2.860758
63000	7.525837	0	7.525837	1.83921	8.228446	2.608614
64000	9.512931	0	9.512931	1.495699	4.708863	2.782919
65000	7.127811	0	7.127811	2.177298	6.810227	2.643608
66000	10.75245	0	10.75245	1.141001	6.546523	2.784343
67000	13.13963	0	13.13963	0.9234275	6.919243	2.901407
68000	10.91493	0	10.91493	1.022225	5.468362	2.814621
69000	9.07216	0	9.07216	1.05461	6.528958	2.783849
70000	11.53928	0	11.53928	1.092653	8.199276	2.732837
71000	8.37824	0	8.37824	1.458261	9.266174	2.789855
72000	2.930543	0	2.930543	3.173841	9.113574	2.955791
73000	4.852764	0	4.852764	2.809512	9.880335	2.67125
74000	6.596019	0	6.596019	4.081003	17.29501	2.856469
75000	7.883754	0	7.883754	2.830098	12.24202	2.952639
76000	6.20867	0	6.20867	2.41347	17.98603	2.778157
77000	3.073943	0	3.073943	3.915037	16.30218	2.968893
78000	3.936824	0	3.936824	3.489254	14.15866	2.77503
79000	5.22329	0	5.22329	2.748356	12.23161	2.833027
80000	4.640616	0	4.640616	2.983934	11.3891	2.850783
81000	7.282296	0	7.282296	1.409196	7.239388	2.831854
82000	8.845793	0	8.845793	1.520835	7.09231	2.725738
83000	12.89221	0	12.89221	0.8586658	5.892381	2.867852
84000	11.17241	0	11.17241	0.6936343	5.245735	2.895451
85000	13.62053	0	13.62053	1.06924	7.5451	2.845325
86000	11.95309	0	11.95309	0.5366347	5.661744	2.884938
87000	8.651455	0	8.651455	1.138662	4.618162	2.759778
88000	9.939418	0	9.939418	0.8773813	3.393927	2.878739
89000	8.514857	0	8.514857	0.9062179	2.495452	2.760665
90000	10.02832	0	10.02832	0.785866	1.739356	2.888249
91000	6.748142	0	6.748142	0.8702364	2.248955	2.930936
92000	14.23603	0	14.23603	0.4473549	4.075394	2.840939
93000	13.38165	0	13.38165	0.5275754	3.530829	2.871574
94000	12.58894	0	12.58894	0.5833398	2.719563	2.828831
95000	9.936168	0	9.936168	1.034074	3.705078	2.692243
96000	6.881599	0	6.881599	1.320166	3.006642	2.629935
97000	8.954185	0	8.954185	1.108938	3.162325	2.657421
98000	9.034075	0	9.034075	1.112227	2.723743	2.669077
99000	10.22679	0	10.22679	0.797595	2.743226	2.762272
100000	10.16015	0	10.16015	0.8065077	3.742449	2.513044
101000	6.733417	0	6.733417	0.6751836	1.767619	2.628335
102000	9.020999	0	9.020999	0.8128938	2.668967	2.885174
103000	8.913895	0	8.913895	0.7623156	4.659034	2.636364
104000	8.171807	0	8.171807	0.7044824	4.174386	2.727963
105000	8.245838	0	8.245838	0.6230649	2.349952	2.88398
106000	12.82118	0	12.82118	0.7716631	5.162499	2.709599
107000	12.25952	0	12.25952	0.6932536	7.162397	2.749185
108000	11.27165	0	11.27165	0.9836042	4.021416	2.82434
109000	12.35748	0	12.35748	0.4864241	2.92298	2.768838
110000	10.76035	0	10.76035	0.77697	3.416218	2.826977
111000	6.703856	0	6.703856	1.197518	7.67613	2.589151
112000	11.8632	0	11.8632	1.641416	11.33251	2.878031
113000	9.236287	0	9.236287	1.69288	10.14638	2.911395
114000	12.55988	0	12.55988	1.503325	11.02344	2.907699
115000	13.69872	0	13.69872	1.330692	13.78118	2.825247
116000	13.1403	0	13.1403	1.281788	8.484592	2.805765
117000	12.7596	0	12.7596	0.8773102	5.414269	2.85786
118000	7.049233	0	7.049233	0.6070213	4.844157	2.703876
119000	13.44579	0	13.44579	0.7863496	6.641118	2.678675
120000	13.57924	0	13.57924	1.171884	6.778022	2.80241
121000	8.760831	0	8.760831	1.278567	4.55611	2.690452
122000	10.8697	0	10.8697	1.29876	5.410585	2.635018
123000	10.67239	0	10.67239	0.6683402	4.045474	2.761008
124000	9.93622	0	9.93622	0.9399541	4.219638	2.810834
125000	11.09634	0	11.09634	1.303097	8.916231	2.839355
126000	10.89954	0	10.89954	1.582093	14.00999	2.86667
127000	9.306703	0	9.306703	1.511066	10.51784	2.788781
128000	10.23506	0	10.23506	1.058896	4.969477	2.789415
129000	14.3125	0	14.3125	0.4682184	6.379624	2.882163
130000	12.16954	0	12.16954	0.7695509	9.593828	2.971132
131000	13.52262	0	13.52262	0.7989201	9.704045	2.871227
132000	12.92774	0	12.92774	1.342614	18.15102	2.832808
133000	13.39869	0	13.39869	1.593513	16.18753	2.838461
134000	12.19448	0	12.19448	1.850158	17.21142	2.880913
135000	9.281657	0	9.281657	2.563882	28.95662	2.887141
136000	9.493687	0	9.493687	2.666494	30.06479	2.936156
137000	14.93205	0	14.93205	1.856163	32.30992	2.869815
138000	11.6353	0	11.6353	1.636143	19.36933	2.785203
139000	8.365369	0	8.365369	2.059078	18.55064	2.929852
140000	8.744163	0	8.744163	3.123698	18.1466	2.791868
141000	11.77626	0	11.77626	1.344465	11.64092	2.702149
142000	7.330617	0	7.330617	0.8343606	7.777892	2.821884
143000	6.103629	0	6.103629	1.532102	6.788573	2.900169
144000	4.198247	0	4.198247	1.673846	9.502928	2.929108
145000	5.693835	0	5.693835	1.657389	14.90778	2.76317
146000	8.274523	0	8.274523	2.076656	33.02862	2.891982
147000	7.862717	0	7.862717	1.692544	16.73008	2.818182
148000	11.27386	0	11.27386	2.080695	19.58127	2.780657
149000	8.00809	0	8.00809	5.963016	35.67864	2.762742
150000	7.488656	0	7.488656	2.717072	30.98679	2.833983
151000	11.69905	0	11.69905	3.325641	36.57661	2.848391
152000	10.47502	0	10.47502	2.809196	55.11384	2.888283
153000	11.90848	0	11.90848	4.064423	67.02499	2.903832
154000	11.97696	0	11.97696	2.799723	34.42783	2.936197
155000	14.75277	0	14.75277	2.197262	32.23349	2.863671
156000	10.83878	0	10.83878	5.664284	46.07268	2.888241
157000	7.051482	0	7.051482	5.143783	50.94123	2.845171
158000	10.95693	0	10.95693	5.465809	61.0253	2.906399
159000	12.38131	0	12.38131	5.038015	65.37486	2.84462
160000	12.37525	0	12.37525	8.670379	80.74729	2.872807
161000	10.45004	0	10.45004	7.191773	105.782	2.83064
162000	4.857749	0	4.857749	13.27474	91.28557	2.733092
163000	3.850705	0	3.850705	16.16273	137.5407	2.847326
164000	1.517191	0	1.517191	12.13203	179.3804	2.786707
165000	4.517959	0	4.517959	14.14073	70.58616	2.903716
166000	7.175647	0	7.175647	10.20747	100.7433	2.749158
167000	-4.463997	0	-4.463997	7.171784	83.06243	2.672942
168000	5.937262	0	5.937262	6.243423	64.83123	2.875821
169000	8.052257	0	8.052257	6.411324	71.79543	2.767042
170000	6.961076	0	6.961076	9.541406	59.78748	2.847329
171000	8.556068	0	8.556068	6.850036	92.11711	2.778998
172000	8.003196	0	8.003196	11.06907	80.75036	2.776128
173000	9.998467	0	9.998467	5.309584	51.84875	2.82633
174000	8.276031	0	8.276031	7.644406	67.01117	2.83648
175000	5.36051	0	5.36051	3.63994	25.51813	2.76862
176000	11.36219	0	11.36219	4.085343	31.12561	2.775151
177000	12.73882	0	12.73882	3.777088	36.021	2.799195
178000	16.27639	0	16.27639	2.553365	46.87271	2.806494
179000	14.05744	0	14.05744	1.784296	22.75736	2.81522
180000	13.45882	0	13.45882	1.925623	20.75162	2.797813
181000	14.30248	0	14.30248	2.018403	30.08307	2.85923
182000	12.02709	0	12.02709	1.916568	43.6206	2.890558
183000	13.69473	0	13.69473	1.733491	34.96031	2.81309
184000	13.22044	0	13.22044	1.102175	11.36179	2.83287
185000	13.31699	0	13.31699	1.491377	22.87941	2.90768
186000	15.95948	0	15.95948	1.38125	25.3658	2.89295
187000	10.15041	0	10.15041	1.781691	29.25085	2.733752
188000	9.770047	0	9.770047	2.064722	24.43843	2.914877
189000	10.32757	0	10.32757	2.047147	17.72593	2.956016
190000	11.86177	0	11.86177	2.180989	20.34658	2.814003
191000	14.69499	0	14.69499	1.993975	16.43922	2.837476
192000	15.95618	0	15.95618	1.143276	16.23955	2.803019
193000	12.91532	0	12.91532	1.163776	17.68133	2.889584
194000	12.169	0	12.169	1.410822	6.853219	2.886974
195000	11.08532	0	11.08532	1.72446	9.278197	2.873393
196000	12.93707	0	12.93707	1.866223	18.91534	2.827118
197000	12.05124	0	12.05124	2.320697	32.77769	2.782216
198000	11.91786	0	11.91786	3.028241	38.4667	2.830306
199000	10.50345	0	10.50345	2.121739	18.69306	2.87155
200000	11.81144	0	11.81144	1.80068	12.15251	2.871441
201000	14.76677	0	14.76677	1.595185	21.39586	2.879608
202000	12.71232	0	12.71232	2.6596	35.59207	2.75275
203000	14.92801	0	14.92801	2.868984	37.49776	2.814998
204000	10.64611	0	10.64611	2.373248	16.69311	2.710983
205000	10.67938	0	10.67938	2.687265	19.44349	2.842231
206000	13.09194	0	13.09194	1.299412	11.98428	2.681572
207000	16.71036	0	16.71036	1.222821	18.47479	2.801779
208000	16.93699	0	16.93699	1.084364	13.02541	2.778504
209000	11.26517	0	11.26517	1.046581	20.18053	2.711842
210000	11.80018	0	11.80018	0.9147684	17.23403	2.844671
211000	13.89912	0	13.89912	0.7749871	17.25782	2.793349
212000	11.63508	0	11.63508	1.146638	10.81296	2.867539
213000	6.130664	0	6.130664	1.327636	18.22226	2.820268
214000	12.56229	0	12.56229	1.790477	13.65624	2.783554
215000	12.90899	0	12.90899	1.813121	17.20375	2.758565
216000	13.68678	0	13.68678	2.443914	36.33611	2.849835
217000	11.82447	0	11.82447	3.496773	63.95425	2.815196
218000	8.48335	0	8.48335	6.817045	89.09852	2.724051
219000	6.108696	0	6.108696	8.408732	48.66863	2.666382
220000	7.843334	0	7.843334	6.772541	80.39098	2.736016
221000	9.506076	0	9.506076	5.970251	61.89397	2.729978
222000	9.207554	0	9.207554	5.357679	35.58672	2.800304
223000	5.943321	0	5.943321	3.991071	30.34475	2.741601
224000	10.41764	0	10.41764	2.614568	29.52125	2.714264
225000	13.76008	0	13.76008	2.350158	30.31159	2.796855
226000	14.49385	0	14.49385	2.543296	33.31805	2.788427
227000	10.49322	0	10.49322	2.637263	15.24413	2.86104
228000	8.931256	0	8.931256	1.818726	12.39873	2.662895
229000	9.117564	0	9.117564	1.160487	8.726803	2.743049
230000	11.71152	0	11.71152	1.103913	8.925278	2.72296
231000	7.354876	0	7.354876	1.323441	14.16346	2.787424
232000	9.302632	0	9.302632	2.604605	18.66709	2.772502
233000	6.168188	0	6.168188	1.79352	17.32955	2.71031
234000	7.266772	0	7.266772	2.284355	18.39695	2.71017
235000	10.20933	0	10.20933	2.453783	15.70237	2.730902
236000	1.694761	0	1.694761	2.639625	7.801962	2.450833
237000	7.573818	0	7.573818	1.471121	9.353517	2.85968
238000	11.37274	0	11.37274	1.858943	13.33338	2.726293
239000	12.77183	0	12.77183	1.274679	20.69841	2.790809
240000	12.44892	0	12.44892	1.761643	24.81357	2.78334
241000	5.490542	0	5.490542	4.222788	14.43892	2.709713
242000	1.303054	0	1.303054	2.731503	7.351001	3.066621
243000	5.372222	0	5.372222	2.055727	6.249691	2.736865
244000	3.490073	0	3.490073	1.555046	4.522296	2.748994
245000	4.300911	0	4.300911	1.86413	7.154558	3.014695
246000	8.622	0	8.622	1.636876	8.55229	2.837619
247000	10.41366	0	10.41366	1.585569	22.35915	2.777215
248000	12.24988	0	12.24988	1.069334	21.55913	2.843755
249000	16.31825	0	16.31825	1.624495	26.08409	2.850011
250000	12.15948	0	12.15948	2.168373	27.20623	2.779827
251000	12.90392	0	12.90392	3.337221	46.24641	2.86618
252000	12.18829	0	12.18829	2.862038	42.72276	2.904877
253000	10.44199	0	10.44199	3.511248	27.79856	2.959247
254000	10.47348	0	10.47348	3.973864	35.56169	2.811279
255000	11.87581	0	11.87581	3.718664	24.86527	2.766837
256000	14.39592	0	14.39592	3.52472	40.90956	2.783078
257000	11.05547	0	11.05547	2.484217	47.18287	2.783064
258000	11.28298	0	11.28298	2.425586	42.88672	2.857619
259000	12.81246	0	12.81246	1.962631	33.23292	2.877185
260000	14.55851	0	14.55851	1.942756	29.46097	2.773862
261000	12.30517	0	12.30517	1.355491	25.15245	2.797589
262000	12.43793	0	12.43793	1.06394	11.34406	2.714811
263000	11.55347	0	11.55347	1.071893	11.17214	2.781759
264000	9.229024	0	9.229024	1.704486	20.42979	2.908553
265000	12.23604	0	12.23604	1.574423	16.62442	2.906266
266000	10.96555	0	10.96555	0.7468223	11.89691	2.806245
267000	11.66452	0	11.66452	1.603039	15.15179	2.860332
268000	10.192	0	10.192	1.811797	17.10501	2.724591
269000	9.727898	0	9.727898	1.987176	25.15584	2.822296
270000	8.560061	0	8.560061	1.640067	25.08535	2.707161
271000	12.22174	0	12.22174	1.382974	9.367615	2.755382
272000	12.46506	0	12.46506	0.9559527	9.002933	2.796336
273000	13.53616	0	13.53616	0.9572371	15.83286	2.774158
274000	12.59759	0	12.59759	1.992739	17.39231	2.709255
275000	10.26766	0	10.26766	2.479531	35.86731	2.879869
276000	13.64366	0	13.64366	3.020078	39.00088	2.846828
277000	11.22101	0	11.22101	2.379953	35.90571	2.735899
278000	13.46004	0	13.46004	2.078381	45.69451	2.747898
279000	13.56326	0	13.56326	1.953529	52.76306	2.778059
280000	14.25082	0	14.25082	4.265962	48.58818	2.809791
281000	12.32176	0	12.32176	3.869853	67.06124	2.815516
282000	14.45423	0	14.45423	3.61802	57.99204	2.746713
283000	11.9862	0	11.9862	7.016527	89.94775	2.804522
284000	13.72091	0	13.72091	5.643044	83.82029	2.825275
285000	9.151471	0	9.151471	4.808894	45.11383	2.790132
286000	14.805	0	14.805	2.339248	22.81543	2.784264
287000	10.75754	0	10.75754	3.225501	23.78101	2.77296
288000	12.30247	0	12.30247	1.90478	17.65319	2.818605
289000	10.57726	0	10.57726	3.139295	17.13237	2.792065
290000	13.75978	0	13.75978	2.327311	31.64228	2.860586
291000	14.41702	0	14.41702	2.353654	62.84943	2.823428
292000	11.93443	0	11.93443	3.28912	29.76347	2.904448
293000	7.646069	0	7.646069	5.65558	41.18193	2.920303
294000	8.577765	0	8.577765	3.305083	18.04754	2.713777
295000	9.088641	0	9.088641	3.812251	24.57103	2.771192
296000	8.420357	0	8.420357	1.2667	17.2055	2.836342
297000	10.56148	0	10.56148	1.068604	6.255335	2.805954
298000	14.26766	0	14.26766	0.7917825	5.161865	2.781514
299000	14.07802	0	14.07802	0.8564523	8.068434	2.825441
300000	12.96937	0	12.96937	1.130776	10.67591	2.889845
301000	11.80696	0	11.80696	2.447759	23.33967	2.924532
302000	5.492786	0	5.492786	4.112358	26.01266	3.020435
303000	10.02978	0	10.02978	4.123271	34.87478	2.934149
304000	7.032214	0	7.032214	3.582008	21.32899	2.833258
305000	3.098491	0	3.098491	3.383866	14.75918	2.968586
306000	8.176624	0	8.176624	1.65073	21.95149	2.832262
307000	8.128854	0	8.128854	1.930353	17.45432	2.812236
308000	8.486419	0	8.486419	3.13153	28.45248	2.841881
309000	5.701433	0	5.701433	2.873706	21.03269	3.053152
310000	6.433808	0	6.433808	3.325974	17.5915	2.860468
311000	8.208354	0	8.208354	2.632251	11.74487	2.829395
312000	10.43346	0	10.43346	2.220145	29.67001	2.861525
313000	13.44153	0	13.44153	1.801703	14.26354	2.84435
314000	9.808165	0	9.808165	2.184163	18.82489	2.85598
315000	9.133571	0	9.133571	1.237968	13.71118	2.818486
316000	13.70423	0	13.70423	1.158741	13.73938	2.874584
317000	9.87952	0	9.87952	1.606006	16.75003	2.986439
318000	14.01479	0	14.01479	1.279458	13.77208	2.955046
319000	10.5249	0	10.5249	0.9801581	16.77392	2.872205
320000	9.180157	0	9.180157	1.019563	5.966986	2.784002
321000	12.96283	0	12.96283	1.411896	10.92682	2.905204
322000	13.72908	0	13.72908	0.8209497	12.08383	2.816724
323000	11.68773	0	11.68773	2.327799	29.20947	2.886229
324000	10.82102	0	10.82102	2.001353	34.10787	2.87872
325000	12.03265	0	12.03265	4.083568	57.9799	2.927267
326000	11.21605	0	11.21605	4.417106	59.01444	2.889415
327000	9.329636	0	9.329636	4.791845	54.31931	2.962378
328000	8.068881	0	8.068881	5.941825	58.73179	2.925772
329000	6.285166	0	6.285166	8.696604	116.4733	2.839265
330000	9.171326	0	9.171326	7.355869	74.84596	2.80954
331000	9.111693	0	9.111693	7.563058	89.12387	2.741769
332000	4.797224	0	4.797224	10.30909	84.33374	2.793598
333000	6.794076	0	6.794076	8.804949	117.816	2.891791
334000	5.949311	0	5.949311	13.35516	95.71462	2.918804
335000	7.76303	0	7.76303	9.854121	95.59152	2.82826
336000	6.332232	0	6.332232	7.912008	98.14385	2.934108
337000	9.551418	0	9.551418	8.24984	112.9016	2.810608
338000	9.964045	0	9.964045	5.909913	52.85627	2.829053
339000	7.332315	0	7.332315	6.527931	62.88336	2.962877
340000	7.411779	0	7.411779	8.67891	52.51103	2.889174
341000	7.597491	0	7.597491	4.701196	40.52995	2.884676
342000	8.226525	0	8.226525	5.652462	62.84653	2.914913
343000	8.008932	0	8.008932	6.095019	47.95985	2.829916
344000	8.651647	0	8.651647	6.102194	76.48178	2.856872
345000	7.197561	0	7.197561	10.64669	100.3435	2.767666
346000	7.299808	0	7.299808	19.6495	132.0607	2.768865
347000	7.506629	0	7.506629	13.52503	109.5582	2.823897
348000	7.315531	0	7.315531	8.781443	112.5871	2.903116
349000	7.028803	0	7.028803	10.47216	120.2922	2.817744
350000	7.24961	0	7.24961	10.58395	117.6752	2.816509
351000	6.579613	0	6.579613	11.92632	139.9691	2.816163
352000	7.606172	0	7.606172	12.05318	100.0147	2.838564
353000	4.590804	0	4.590804	16.57677	247.1408	2.86016
354000	6.925351	0	6.925351	19.27968	226.5652	2.875288
355000	1.000502	0	1.000502	16.21364	229.7407	2.971368
356000	8.230882	0	8.230882	17.17207	320.1499	2.855459
357000	7.670942	0	7.670942	20.14869	271.4338	2.899781
358000	6.510781	0	6.510781	29.31752	276.1554	2.866625
359000	8.639387	0	8.639387	18.42481	134.4815	2.889142
360000	7.89647	0	7.89647	10.75564	135.5843	2.878899
361000	6.55978	0	6.55978	23.22346	203.2034	2.838924
362000	9.200679	0	9.200679	14.31352	203.7223	2.875328
363000	4.418821	0	4.418821	17.65597	207.4154	2.845519
364000	4.783827	0	4.783827	38.33643	260.0656	2.780486
365000	8.553799	0	8.553799	14.73556	308.4912	2.85036
366000	9.193998	0	9.193998	23.33551	290.0904	2.809166
367000	7.110936	0	7.110936	26.67344	296.0524	2.825839
368000	7.819026	0	7.819026	20.03053	263.0431	2.819499
369000	5.09674	0	5.09674	21.71171	329.3396	2.725598
370000	10.07114	0	10.07114	19.66856	433.389	2.818425
371000	9.92997	0	9.92997	16.91095	266.0196	2.818892
372000	6.993153	0	6.993153	19.80455	315.9646	2.860827
373000	9.155962	0	9.155962	26.15945	324.3848	2.850022
374000	12.74094	0	12.74094	16.74071	289.9914	2.761683
375000	12.58875	0	12.58875	19.1115	266.7304	2.750039
376000	10.45862	0	10.45862	11.53582	145.9542	2.80578
377000	12.05838	0	12.05838	9.56628	137.2725	2.736467
378000	7.069001	0	7.069001	6.128577	181.818	2.766782
379000	7.77131	0	7.77131	13.79377	145.995	2.68541
380000	10.25486	0	10.25486	11.37501	149.1342	2.774995
381000	7.79792	0	7.79792	13.5796	110.6132	2.709273
382000	9.586694	0	9.586694	16.90167	161.8235	2.805942
383000	4.621684	0	4.621684	12.28708	136.2735	2.880022
384000	8.713764	0	8.713764	13.63482	158.8203	2.774425
385000	7.888293	0	7.888293	11.94373	192.3466	2.761297
386000	8.733815	0	8.733815	14.99044	138.2082	2.827441
387000	10.41558	0	10.41558	13.0956	218.4996	2.809689
388000	8.043052	0	8.043052	15.17618	251.7143	2.838291
389000	6.437808	0	6.437808	25.78459	221.501	2.831405
390000	7.706876	0	7.706876	17.75287	264.404	2.778634
391000	7.814805	0	7.814805	20.87622	179.7511	2.755582
392000	7.367894	0	7.367894	16.28591	265.7071	2.887102
393000	4.393377	0	4.393377	30.1566	224.132	2.864588
394000	6.626491	0	6.626491	19.6731	208.6696	2.846869
395000	5.04759	0	5.04759	16.37887	176.3665	2.966075
396000	4.683426	0	4.683426	17.60288	126.1454	2.962423
397000	9.200157	0	9.200157	11.3831	109.5011	2.941613
398000	10.52311	0	10.52311	7.273977	85.83204	2.877738
399000	5.758474	0	5.758474	6.080053	50.73377	2.900854
400000	8.89201	0	8.89201	5.535441	69.16833	2.844214
401000	10.1576	0	10.1576	7.135257	110.1266	2.891207
402000	8.949443	0	8.949443	6.519794	61.36713	2.750578
403000	11.24279	0	11.24279	7.829266	126.4374	2.843532
404000	9.443361	0	9.443361	12.17684	94.77627	2.844929
405000	11.15218	0	11.15218	6.16557	121.0895	2.818552
406000	13.19547	0	13.19547	10.18492	182.0194	2.869947
407000	12.25143	0	12.25143	8.191781	102.2236	2.85274
408000	12.6118	0	12.6118	5.770182	80.89162	2.785401
409000	11.31987	0	11.31987	5.432642	56.91823	2.755715
410000	8.801966	0	8.801966	4.220337	46.64404	2.837789
411000	8.755031	0	8.755031	3.750948	15.56196	2.773132
412000	9.699349	0	9.699349	4.12496	22.24695	2.747606
413000	8.80449	0	8.80449	5.871805	48.50393	2.744229
414000	9.803654	0	9.803654	7.507585	104.4479	2.78468
415000	11.01841	0	11.01841	9.734514	126.4488	2.854974
416000	9.91965	0	9.91965	11.58722	125.0643	2.816166
417000	11.86412	0	11.86412	6.715069	78.04971	2.86236
418000	12.94821	0	12.94821	3.518707	36.39111	2.824501
419000	8.626605	0	8.626605	3.130807	26.25415	2.974549
420000	8.431114	0	8.431114	2.707038	16.3151	2.731304
421000	10.49563	0	10.49563	1.844718	19.16677	2.905617
422000	12.74441	0	12.74441	2.294057	25.5879	2.833967
423000	7.986405	0	7.986405	3.65273	19.32842	2.778848
424000	14.3732	0	14.3732	1.979232	23.81796	2.762075
425000	14.26265	0	14.26265	2.738398	54.2418	2.824086
426000	13.41846	0	13.41846	2.866367	68.71384	2.828049
427000	14.03875	0	14.03875	5.069557	57.62601	2.804158
428000	15.97599	0	15.97599	2.863009	42.46358	2.855739
429000	13.42038	0	13.42038	3.291345	36.95236	2.875457
430000	13.57437	0	13.57437	3.501085	43.60967	2.910597
431000	10.36407	0	10.36407	3.506135	37.08946	2.939085
432000	14.18508	0	14.18508	2.953426	31.66902	2.874816
433000	10.47267	0	10.47267	3.826423	36.26502	2.835641
434000	13.25147	0	13.25147	2.806834	53.69922	2.85126
435000	14.17597	0	14.17597	2.976995	33.82242	2.884851
436000	14.55316	0	14.55316	1.631457	29.61351	2.835439
437000	13.6965	0	13.6965	1.641568	20.34231	2.864069
438000	14.43594	0	14.43594	0.9530583	10.3202	2.809658
439000	8.13721	0	8.13721	0.9743893	7.588545	2.699991
440000	12.37217	0	12.37217	0.8795638	8.693945	2.903779
441000	13.79	0	13.79	0.7027938	8.965419	2.796065
442000	14.67345	0	14.67345	0.5649224	10.02297	2.799179
443000	15.48615	0	15.48615	1.068183	9.826442	2.818493
444000	14.38989	0	14.38989	1.4429	16.061	2.946439
445000	12.25747	0	12.25747	1.706566	21.66097	2.933484
446000	14.09315	0	14.09315	2.476081	26.6877	2.807239
447000	15.47281	0	15.47281	1.4344	19.52647	2.76467
448000	14.8995	0	14.8995	2.110471	42.55453	2.746528
449000	11.25206	0	11.25206	2.35001	26.81224	2.809761
450000	12.51703	0	12.51703	1.97999	22.31437	2.845252
451000	15.57421	0	15.57421	1.576311	23.4558	2.863894
452000	13.43033	0	13.43033	2.916832	41.57295	2.871113
453000	11.55892	0	11.55892	2.843924	34.69255	2.790629
454000	10.0521	0	10.0521	3.581729	57.12304	2.861249
455000	7.949995	0	7.949995	5.781172	47.86773	2.88144
456000	12.26013	0	12.26013	5.149518	57.2035	2.839961
457000	11.32333	0	11.32333	4.367675	53.75767	2.767862
458000	9.330327	0	9.330327	4.475639	89.27192	2.783024
459000	12.46152	0	12.46152	5.279191	92.15979	2.783283
460000	12.652	0	12.652	4.296062	109.8812	2.825263
461000	14.85556	0	14.85556	5.674034	94.59312	2.771056
462000	11.52533	0	11.52533	10.19141	127.1042	2.801488
463000	9.283228	0	9.283228	13.0531	145.4148	2.812701
464000	11.73131	0	11.73131	7.881094	104.5325	2.826165
465000	9.953084	0	9.953084	6.819624	74.16734	2.802469
466000	13.30084	0	13.30084	4.16784	57.68266	2.836994
467000	13.53499	0	13.53499	3.564823	41.12149	2.790283
468000	12.15981	0	12.15981	2.362853	50.29405	2.792572
469000	12.0064	0	12.0064	2.846745	41.74348	2.779034
470000	6.634051	0	6.634051	4.313344	46.07651	2.80671
471000	7.859407	0	7.859407	5.545083	34.50933	2.763602
472000	8.857509	0	8.857509	4.066907	59.34076	2.786579
473000	11.55929	0	11.55929	5.440921	74.86959	2.815312
474000	12.17289	0	12.17289	4.967352	95.13725	2.757038
475000	13.90091	0	13.90091	6.704139	102.9258	2.808296
476000	9.438459	0	9.438459	12.24783	113.048	2.850385
477000	8.174314	0	8.174314	13.7758	259.3118	2.779648
478000	7.961443	0	7.961443	21.87561	273.9449	2.773563
479000	12.42302	0	12.42302	11.32491	242.6681	2.75474
480000	9.234112	0	9.234112	18.08229	165.3502	2.729549
481000	8.265747	0	8.265747	14.74724	121.8614	2.711513
482000	10.60117	0	10.60117	11.25436	170.3018	2.78375
483000	6.671582	0	6.671582	13.31253	154.9986	2.689384
484000	3.579274	0	3.579274	23.89075	184.1222	2.656874
485000	0.1820022	0	0.1820022	21.49653	153.9997	2.812529
486000	-0.4132087	0	-0.4132087	22.49379	201.378	2.733811
487000	0.8950377	0	0.8950377	22.61369	130.7203	2.706711
488000	-6.926894	0	-6.926894	29.56152	84.9754	2.880864
489000	-5.384961	0	-5.384961	49.40859	170.7436	2.688276
490000	-3.241415	0	-3.241415	51.55575	320.4632	2.786078
491000	-4.476365	0	-4.476365	49.20039	165.6364	2.866814
492000	0.4965092	0	0.4965092	29.95906	171.2112	2.687279
493000	4.082204	0	4.082204	19.5249	123.8695	2.778073
494000	4.190608	0	4.190608	24.73352	257.2917	2.767494
495000	1.112436	0	1.112436	32.61356	160.2781	2.698684
496000	0.4100154	0	0.4100154	19.6491	248.9668	2.756773
497000	3.12881	0	3.12881	25.03227	129.4778	2.762309
498000	4.49936	0	4.49936	25.819	216.9428	2.713838
499000	3.711731	0	3.711731	44.31438	513.4123	2.697103
500000	-2.044761	0	-2.044761	29.02572	365.061	2.644883
501000	-0.1197155	0	-0.1197155	38.15716	222.5525	2.679783
502000	-0.227616	0	-0.227616	19.4031	355.3617	2.763945
503000	7.029905	0	7.029905	23.29272	319.4412	2.79104
504000	7.737505	0	7.737505	24.82611	301.6574	2.851088
505000	5.005128	0	5.005128	12.98264	225.7553	2.740092
506000	8.567184	0	8.567184	17.87357	226.6552	2.749698
507000	6.601472	0	6.601472	26.49762	325.0453	2.789727
508000	7.601875	0	7.601875	23.41664	363.2823	2.788247
509000	7.064775	0	7.064775	40.18286	374.5812	2.795799
510000	5.054256	0	5.054256	43.74228	710.9206	2.776043
511000	4.003637	0	4.003637	35.67968	474.4101	2.799644
512000	3.244816	0	3.244816	22.58167	165.8497	2.801544
513000	2.842762	0	2.842762	22.91356	93.57102	2.743817
514000	7.751046	0	7.751046	16.25248	222.9321	2.755834
515000	7.360431	0	7.360431	12.8846	132.3586	2.801113
516000	7.831846	0	7.831846	14.23928	117.5883	2.761924
517000	9.580712	0	9.580712	10.4668	137.9454	2.784832
518000	8.121853	0	8.121853	16.79127	202.5436	2.769792
519000	5.171535	0	5.171535	12.30111	182.7103	2.92092
520000	5.745827	0	5.745827	19.0039	138.2489	2.908867
521000	11.24571	0	11.24571	4.713351	67.45876	2.835258
522000	9.011972	0	9.011972	5.683296	107.2592	2.866471
523000	9.831195	0	9.831195	3.716092	77.32047	2.802806
524000	10.55162	0	10.55162	3.55081	42.79061	2.815441
525000	8.576293	0	8.576293	2.964553	49.10763	2.896298
526000	9.734207	0	9.734207	3.636009	27.98659	2.846933
527000	10.29384	0	10.29384	3.489989	28.26543	2.861453
528000	14.44624	0	14.44624	1.714015	25.33079	2.813801
529000	12.01992	0	12.01992	1.674369	14.01323	2.835696
530000	8.235279	0	8.235279	1.007272	26.36919	2.876478
531000	15.2205	0	15.2205	1.522213	21.13336	2.850085
532000	13.11889	0	13.11889	1.929425	31.65134	2.805466
533000	11.16529	0	11.16529	3.269381	29.84149	2.845353
534000	16.22011	0	16.22011	1.445712	26.84933	2.802948
535000	13.48001	0	13.48001	1.819816	26.18198	2.884224
536000	10.97865	0	10.97865	2.847227	21.60476	2.871174
537000	8.137771	0	8.137771	1.761757	17.46852	2.940923
538000	1.472127	0	1.472127	1.458756	6.638103	2.848929
539000	2.877069	0	2.877069	1.959698	7.164426	2.980275
540000	2.140685	0	2.140685	1.594421	6.485136	2.687222
541000	10.15188	0	10.15188	1.986691	9.032737	2.847955
542000	12.62065	0	12.62065	1.19931	22.03449	2.907326
543000	14.48894	0	14.48894	1.104185	10.63751	2.829138
544000	10.48473	0	10.48473	1.375967	9.021293	2.785755
545000	8.536483	0	8.536483	1.570654	10.05466	2.866396
546000	10.56673	0	10.56673	1.400806	8.595272	2.800376
547000	11.29204	0	11.29204	1.187227	6.923775	2.772244
548000	13.71517	0	13.71517	1.310639	9.502549	2.802599
549000	13.18762	0	13.18762	0.9957474	7.602236	2.822742
550000	8.462172	0	8.462172	1.443773	5.241868	2.698857
551000	11.37616	0	11.37616	1.531728	9.790595	2.881722
552000	10.58187	0	10.58187	1.746168	11.44698	2.78539
553000	13.87843	0	13.87843	1.10333	21.77946	2.875777
554000	14.57553	0	14.57553	0.903007	18.83935	2.775853
555000	13.50574	0	13.50574	1.44977	13.58476	2.768584
556000	12.73451	0	12.73451	2.029916	20.16526	2.823019
557000	16.73186	0	16.73186	1.009288	11.54219	2.809286
558000	16.4734	0	16.4734	0.7191272	8.634425	2.885478
559000	16.0021	0	16.0021	0.8019246	11.78442	2.930143
560000	15.12138	0	15.12138	0.8704964	8.270152	2.831981
561000	16.05903	0	16.05903	0.7769546	13.97542	2.892671
562000	15.54108	0	15.54108	0.7773029	10.26309	2.823995
563000	11.30259	0	11.30259	1.207539	10.55684	2.820137
564000	10.96774	0	10.96774	1.723965	19.04916	2.757127
565000	12.51968	0	12.51968	1.23893	10.27551	2.769854
566000	14.41759	0	14.41759	1.089137	17.47518	2.836476
567000	14.70073	0	14.70073	1.130574	17.6195	2.749712
568000	15.96732	0	15.96732	0.8857267	13.80241	2.841715
569000	14.31607	0	14.31607	0.8324749	17.04961	2.801242
570000	14.73679	0	14.73679	0.7384371	8.629835	2.836104
571000	12.16021	0	12.16021	1.348922	5.27085	2.771692
572000	8.908816	0	8.908816	0.8176449	4.521647	2.80788
573000	9.530794	0	9.530794	0.7773819	4.871009	2.700427
574000	10.83718	0	10.83718	0.9399331	5.60828	2.927957
575000	13.83115	0	13.83115	0.5983808	7.872375	2.804069
576000	18.59318	0	18.59318	0.7919719	13.90331	2.844502
577000	12.96397	0	12.96397	0.7469762	15.24086	2.827747
578000	13.69309	0	13.69309	1.16485	16.2137	2.736163
579000	12.37802	0	12.37802	1.46319	15.25996	2.809274
580000	11.28965	0	11.28965	1.90857	22.71225	2.79172
581000	8.641446	0	8.641446	2.416305	12.9166	2.88732
582000	10.75433	0	10.75433	1.086537	12.17281	2.844079
583000	14.91477	0	14.91477	1.174187	10.61799	2.735057
584000	13.09235	0	13.09235	1.417329	26.28097	2.783717
585000	13.4276	0	13.4276	0.8911297	14.61183	2.736712
586000	15.33327	0	15.33327	0.8340226	10.81275	2.879405
587000	12.27097	0	12.27097	0.9520892	10.41866	2.672356
588000	16.99182	0	16.99182	1.189328	20.0609	2.844622
589000	12.32584	0	12.32584	1.931945	23.90706	2.86313
590000	14.30975	0	14.30975	1.782745	22.58557	2.802748
591000	12.72462	0	12.72462	0.836233	23.9866	2.834332
592000	16.45228	0	16.45228	1.273083	16.12679	2.825934
593000	12.37311	0	12.37311	1.827713	24.06877	2.775166
594000	10.21206	0	10.21206	2.50114	14.99388	2.861792
595000	9.000245	0	9.000245	3.356541	14.39175	2.801159
596000	12.95197	0	12.95197	1.958361	14.4229	2.855132
597000	9.425061	0	9.425061	2.49469	17.55289	2.877269
598000	7.260582	0	7.260582	2.177813	22.90069	2.94031
599000	5.315876	0	5.315876	3.432844	16.27924	2.896071
600000	5.16787	0	5.16787	3.37448	17.18596	2.889974
601000	3.40251	0	3.40251	3.982273	21.25893	2.896002
602000	7.349375	0	7.349375	2.633311	24.70174	2.866696
603000	7.693792	0	7.693792	2.66555	16.14054	3.020092
604000	8.373356	0	8.373356	2.425291	15.21808	2.960018
605000	8.494336	0	8.494336	3.452256	18.69378	2.885398
606000	6.508958	0	6.508958	4.411699	28.5288	2.916787
607000	7.918118	0	7.918118	3.226439	36.92437	2.966276
608000	7.540986	0	7.540986	2.69303	18.88924	2.792845
609000	6.022295	0	6.022295	2.226682	11.42993	2.826275
610000	9.987455	0	9.987455	2.567371	21.61037	2.884676
611000	7.068902	0	7.068902	2.049265	11.23702	2.911442
612000	8.416253	0	8.416253	1.803262	12.29548	2.868847
613000	8.187242	0	8.187242	1.195162	11.10369	2.786896
614000	9.084021	0	9.084021	2.669811	17.29325	2.814616
615000	12.39546	0	12.39546	2.265904	20.12015	2.831135
616000	12.68378	0	12.68378	1.2086	8.512784	2.776416
617000	10.3521	0	10.3521	1.617603	14.42851	2.847582
618000	13.34418	0	13.34418	1.969061	17.19341	2.840945
619000	11.67417	0	11.67417	1.226657	19.04303	2.829609
620000	10.44255	0	10.44255	1.194803	15.43545	2.756161
621000	6.624731	0	6.624731	3.366675	18.41425	2.82028
622000	7.023331	0	7.023331	2.063839	20.74625	2.850559
623000	12.19377	0	12.19377	1.70456	16.47869	2.772119
624000	11.78783	0	11.78783	1.640863	12.57547	2.81409
625000	11.25561	0	11.25561	1.535153	21.66492	2.783811
626000	14.37556	0	14.37556	1.719052	20.06841	2.856624
627000	13.37427	0	13.37427	0.9266381	16.11532	2.83778
628000	8.937066	0	8.937066	0.7188983	12.23429	2.763424
629000	15.38979	0	15.38979	1.044517	10.32828	2.774951
630000	14.625	0	14.625	0.9117712	12.42127	2.724361
631000	12.26233	0	12.26233	0.8840241	7.866912	2.862148
632000	15.04937	0	15.04937	1.215059	13.1082	2.800812
633000	9.216243	0	9.216243	1.720591	29.47926	2.841554
634000	8.999758	0	8.999758	2.645551	12.38188	2.802586
635000	9.650486	0	9.650486	1.202302	12.58265	2.796234
636000	12.83399	0	12.83399	1.17938	14.37382	2.776008
637000	13.75552	0	13.75552	1.492714	13.45752	2.78574
638000	10.02412	0	10.02412	1.969582	9.380526	2.893357
639000	14.83084	0	14.83084	1.229401	10.59051	2.854072
640000	15.53939	0	15.53939	0.7930665	14.14822	2.812382
641000	14.78988	0	14.78988	1.269883	11.12005	2.896999
642000	13.79151	0	13.79151	1.68445	27.17919	2.870808
643000	14.24309	0	14.24309	1.696596	20.2446	2.760398
644000	10.67562	0	10.67562	1.286453	12.08742	2.801121
645000	9.336933	0	9.336933	1.695543	14.28031	2.806238
646000	12.60331	0	12.60331	1.911691	27.11771	2.773701
647000	12.90454	0	12.90454	2.973057	42.97486	2.73674
648000	10.52987	0	10.52987	3.273855	35.80478	2.782273
649000	7.515598	0	7.515598	3.840521	47.89207	2.858622
650000	8.683845	0	8.683845	4.389518	50.32245	2.880437
651000	6.44339	0	6.44339	4.888174	58.61918	2.890028
652000	6.320236	0	6.320236	5.92509	36.16845	2.841714
653000	6.708512	0	6.708512	7.836687	66.63732	2.685051
654000	3.062759	0	3.062759	3.783796	63.33756	2.778852
655000	9.895115	0	9.895115	3.515709	53.83203	2.79232
656000	12.6228	0	12.6228	3.807985	43.53061	2.801362
657000	9.672507	0	9.672507	4.045391	36.51064	2.78315
658000	14.15499	0	14.15499	3.090818	40.36794	2.797929
659000	15.77719	0	15.77719	1.90104	24.69947	2.834488
660000	14.5769	0	14.5769	1.757251	16.9511	2.88017
661000	15.63509	0	15.63509	1.49249	26.02994	2.891638
662000	11.75556	0	11.75556	1.842976	15.20301	2.857186
663000	12.29944	0	12.29944	1.271542	21.52363	2.887273
664000	13.24321	0	13.24321	1.107391	13.85702	2.860565
665000	11.90105	0	11.90105	1.615983	9.956859	2.829019
666000	10.51877	0	10.51877	2.127015	15.29581	2.925591
667000	6.578685	0	6.578685	2.194427	18.69549	2.925552
668000	11.00987	0	11.00987	1.782715	22.87468	2.891204
669000	10.10516	0	10.10516	2.816135	26.62963	2.760737
670000	11.36566	0	11.36566	2.786236	27.53694	2.849096
671000	10.68211	0	10.68211	3.483726	25.67695	2.712862
672000	12.06028	0	12.06028	2.046335	30.48261	2.753592
673000	7.482743	0	7.482743	2.338546	30.51517	2.69888
674000	11.16016	0	11.16016	2.553935	31.00309	2.906435
675000	8.665917	0	8.665917	2.41379	14.46571	2.906845
676000	12.28418	0	12.28418	2.453806	31.81137	2.790539
677000	7.360513	0	7.360513	3.345097	17.66103	2.803483
678000	7.586484	0	7.586484	3.182278	40.59328	2.769728
679000	12.36265	0	12.36265	2.786841	26.10117	2.77429
680000	13.39322	0	13.39322	2.224357	21.56828	2.819812
681000	13.40342	0	13.40342	2.333123	19.32805	2.857743
682000	17.04075	0	17.04075	1.015504	13.54581	2.81893
683000	13.94446	0	13.94446	1.873423	12.32244	2.822716
684000	7.909439	0	7.909439	1.917843	24.1568	2.834002
685000	12.06336	0	12.06336	2.335046	24.7774	2.812546
686000	9.684355	0	9.684355	2.623277	30.70638	2.878916
687000	6.931315	0	6.931315	2.044648	18.64546	2.94288
688000	11.40952	0	11.40952	2.194559	14.78551	2.805547
689000	9.421218	0	9.421218	1.624235	23.97032	2.823571
690000	6.948847	0	6.948847	3.419507	23.87729	2.703333
691000	8.512899	0	8.512899	1.240245	9.947357	2.876416
692000	8.869295	0	8.869295	1.410753	14.19731	3.015372
693000	5.356163	0	5.356163	1.89436	15.77698	2.932455
694000	12.51046	0	12.51046	3.469481	40.80732	2.878386
695000	13.52732	0	13.52732	3.242234	58.35722	2.853903
696000	11.21005	0	11.21005	6.924077	60.663	2.925741
697000	9.95253	0	9.95253	3.26107	26.47843	3.001898
698000	13.4154	0	13.4154	3.509649	41.62994	2.87715
699000	11.84825	0	11.84825	4.242902	55.43888	2.888344
700000	10.98484	0	10.98484	3.937908	59.67548	2.900489
701000	7.662537	0	7.662537	5.980961	57.57982	2.925488
702000	8.526838	0	8.526838	3.974407	49.52433	2.943092
703000	9.192511	0	9.192511	4.769342	51.44482	2.85605
704000	7.176111	0	7.176111	5.392796	62.43301	2.90772
705000	3.932344	0	3.932344	8.722302	74.94916	2.750749
706000	0.552802	0	0.552802	7.218853	85.54672	2.931258
707000	3.438919	0	3.438919	9.619192	84.97518	2.847552
708000	0.9113533	0	0.9113533	18.00499	89.95129	2.779524
709000	3.024088	0	3.024088	19.33656	120.5871	2.864767
710000	3.10462	0	3.10462	16.91021	87.8457	2.991618
711000	5.204708	0	5.204708	16.16584	150.4588	2.881403
712000	2.837357	0	2.837357	15.42394	84.42513	2.97982
713000	-1.658729	0	-1.658729	10.50162	117.5421	2.890442
714000	-0.2490082	0	-0.2490082	13.7668	75.88309	2.89792
715000	1.654261	0	1.654261	17.04863	114.3674	2.895762
716000	4.1157	0	4.1157	8.106657	62.19768	2.942137
717000	1.569485	0	1.569485	10.54226	74.5101	2.789166
718000	5.527552	0	5.527552	6.83725	83.23841	2.947531
719000	1.599649	0	1.599649	11.15861	51.9406	2.881428
720000	1.066331	0	1.066331	9.046793	63.77083	2.903096
721000	0.7018797	0	0.7018797	10.10386	45.86472	2.901594
722000	-1.343176	0	-1.343176	6.280743	29.65466	2.89562
723000	-2.710193	0	-2.710193	4.803624	27.24826	2.730084
724000	-2.269171	0	-2.269171	6.418125	19.22252	2.838626
725000	0.8523949	0	0.8523949	3.698039	14.06778	2.829031
726000	-1.546494	0	-1.546494	2.663302	9.607033	3.058862
727000	5.336682	0	5.336682	3.244272	13.76221	2.936368
728000	7.438087	0	7.438087	2.376551	12.70543	2.756852
729000	11.51832	0	11.51832	2.030662	16.18156	2.923257
730000	13.03199	0	13.03199	1.544769	23.77731	2.931794
731000	14.53804	0	14.53804	1.847973	26.72405	2.857319
732000	11.23734	0	11.23734	2.277677	48.98427	2.929131
733000	15.3942	0	15.3942	1.765339	44.21473	2.846596
734000	11.94855	0	11.94855	2.501183	56.78909	2.785731
735000	10.26732	0	10.26732	4.607452	52.66237	2.844357
736000	9.627664	0	9.627664	5.501848	39.69587	2.922391
737000	10.75981	0	10.75981	4.46321	50.83688	2.867471
